# DESCRIPTION: Verilator output: Timestamp data for --skip-identical.  Delete at will.
C "-Wall --cc ascon_top.sv --exe --trace --trace-structs tb_auto.cpp tb_utils.cpp --build"
S  15982264    63859  1744881023    30989110  1744881023    30989110 "/home/nicop/verilator-install/bin/verilator_bin"
S      6525    64018  1744881023   441241098  1744881023   441241098 "/home/nicop/verilator-install/share/verilator/include/verilated_std.sv"
S      2787    64000  1744881023   441241098  1744881023   441241098 "/home/nicop/verilator-install/share/verilator/include/verilated_std_waiver.vlt"
S      5704 2251799813832035  1748353530   499024500  1748353530   499024500 "ascon_sbox_d2.sv"
S     33005 6192449487781487  1748358593   688347600  1748358593   688347600 "ascon_top.sv"
S     20207 1970324837463122  1748357857   162472400  1748357857   162472400 "fsm.sv"
T     10796 4785074604494646  1748358598    31921000  1748358598    31921000 "obj_dir/Vascon_top.cpp"
T      7339 5066549581205300  1748358598    27613900  1748358598    27613900 "obj_dir/Vascon_top.h"
T      2105 5348024557936863  1748358598   797837600  1748358598   797837600 "obj_dir/Vascon_top.mk"
T      9879 8162774324755864  1748358598     9474900  1748358598     9474900 "obj_dir/Vascon_top__Syms.cpp"
T      3572 3940649674334612  1748358598    19495500  1748358598    19495500 "obj_dir/Vascon_top__Syms.h"
T       308 5629499534647516  1748358598   762146100  1748358598   762146100 "obj_dir/Vascon_top__TraceDecls__0__Slow.cpp"
T    297146 5348024557936861  1748358598   782753900  1748358598   782753900 "obj_dir/Vascon_top__Trace__0.cpp"
T    679330 5629499534647515  1748358598   757632100  1748358598   757632100 "obj_dir/Vascon_top__Trace__0__Slow.cpp"
T     39626 4785074604494975  1748358598    39939800  1748358598    39939800 "obj_dir/Vascon_top___024root.h"
T    807770 10414574138728646  1748358598   211575300  1748358598   211575300 "obj_dir/Vascon_top___024root__DepSet_h24606f98__0.cpp"
T    778663 10414574138728642  1748358598   142529300  1748358598   142529300 "obj_dir/Vascon_top___024root__DepSet_h24606f98__0__Slow.cpp"
T    576416 5629499534647495  1748358598   249886700  1748358598   249886700 "obj_dir/Vascon_top___024root__DepSet_h24606f98__1.cpp"
T    155769 5629499534647491  1748358598   156423300  1748358598   156423300 "obj_dir/Vascon_top___024root__DepSet_h24606f98__1__Slow.cpp"
T    181546 10414574138728648  1748358598   263570800  1748358598   263570800 "obj_dir/Vascon_top___024root__DepSet_h24606f98__2.cpp"
T     97480 5629499534647493  1748358598   170855800  1748358598   170855800 "obj_dir/Vascon_top___024root__DepSet_hd5d89e7c__0.cpp"
T    580645 5910974511358145  1748358598   100664300  1748358598   100664300 "obj_dir/Vascon_top___024root__DepSet_hd5d89e7c__0__Slow.cpp"
T       930 10696049115439296  1748358598    59954300  1748358598    59954300 "obj_dir/Vascon_top___024root__Slow.cpp"
T       776 8725724278444098  1748358598    39939800  1748358598    39939800 "obj_dir/Vascon_top__pch.h"
T      2251 5629499534647520  1748358598   807817300  1748358598   807817300 "obj_dir/Vascon_top__ver.d"
T         0        0  1748358598   807817300  1748358598   807817300 "obj_dir/Vascon_top__verFiles.dat"
T      4922 5910974511358143  1748358598    49958300  1748358598    49958300 "obj_dir/Vascon_top_ascon_sbox_d2.h"
T    628986 5629499534647509  1748358598   576033000  1748358598   576033000 "obj_dir/Vascon_top_ascon_sbox_d2__DepSet_h6abb0522__0.cpp"
T      6272 5629499534647506  1748358598   483706500  1748358598   483706500 "obj_dir/Vascon_top_ascon_sbox_d2__DepSet_h6abb0522__0__Slow.cpp"
T    628986 5629499534647510  1748358598   609733800  1748358598   609733800 "obj_dir/Vascon_top_ascon_sbox_d2__DepSet_h6abb0522__1.cpp"
T    632494 5629499534647511  1748358598   636753800  1748358598   636753800 "obj_dir/Vascon_top_ascon_sbox_d2__DepSet_h6abb0522__2.cpp"
T    636002 5629499534647512  1748358598   678551500  1748358598   678551500 "obj_dir/Vascon_top_ascon_sbox_d2__DepSet_h6abb0522__3.cpp"
T    636002 5348024557936857  1748358598   709241200  1748358598   709241200 "obj_dir/Vascon_top_ascon_sbox_d2__DepSet_h6abb0522__4.cpp"
T    318106 5629499534647514  1748358598   727285800  1748358598   727285800 "obj_dir/Vascon_top_ascon_sbox_d2__DepSet_h6abb0522__5.cpp"
T    513446 5348024557936851  1748358598   524255100  1748358598   524255100 "obj_dir/Vascon_top_ascon_sbox_d2__DepSet_h9a7e00ea__0.cpp"
T    605487 5348024557936842  1748358598   311316300  1748358598   311316300 "obj_dir/Vascon_top_ascon_sbox_d2__DepSet_h9a7e00ea__0__Slow.cpp"
T    513596 5629499534647508  1748358598   550573700  1748358598   550573700 "obj_dir/Vascon_top_ascon_sbox_d2__DepSet_h9a7e00ea__1.cpp"
T    605487 5629499534647499  1748358598   334461500  1748358598   334461500 "obj_dir/Vascon_top_ascon_sbox_d2__DepSet_h9a7e00ea__1__Slow.cpp"
T    605487 5348024557936844  1748358598   361463000  1748358598   361463000 "obj_dir/Vascon_top_ascon_sbox_d2__DepSet_h9a7e00ea__2__Slow.cpp"
T    609015 5629499534647501  1748358598   381764300  1748358598   381764300 "obj_dir/Vascon_top_ascon_sbox_d2__DepSet_h9a7e00ea__3__Slow.cpp"
T    610779 5629499534647502  1748358598   415553700  1748358598   415553700 "obj_dir/Vascon_top_ascon_sbox_d2__DepSet_h9a7e00ea__4__Slow.cpp"
T    610789 5629499534647503  1748358598   443066800  1748358598   443066800 "obj_dir/Vascon_top_ascon_sbox_d2__DepSet_h9a7e00ea__5__Slow.cpp"
T    610794 5348024557936848  1748358598   464806000  1748358598   464806000 "obj_dir/Vascon_top_ascon_sbox_d2__DepSet_h9a7e00ea__6__Slow.cpp"
T    203758 5629499534647505  1748358598   482693100  1748358598   482693100 "obj_dir/Vascon_top_ascon_sbox_d2__DepSet_h9a7e00ea__7__Slow.cpp"
T       734 10696049115439305  1748358598   268095700  1748358598   268095700 "obj_dir/Vascon_top_ascon_sbox_d2__Slow.cpp"
T      2941 5629499534647518  1748358598   787796900  1748358598   787796900 "obj_dir/Vascon_top_classes.mk"
S       435 4785074604527237  1748250108   822995700  1748250108   822995700 "register.sv"
S      2357 4785074604527239  1748253403   432631800  1748253403   432631800 "shareCreator.sv"
S      3947 4785074604527260  1748250108   896037200  1748250108   896037200 "sipo_debug.sv"
S      5894 3940649674395301  1748250108   926023900  1748250108   926023900 "state_register.sv"
